No.       IRAC1_mJy    Lum_Class Teff      RA          Dec         Av
-24698       1038.8473       3    4719       166.81917      -77.439347      4.00
-3039       880.13994       3    4719       166.56407      -77.365775      1.00
-24395       185.58879       4    6485       166.78839      -77.384694     62.00
-24677       110.80305       3    4719       166.68801      -77.450700      6.00
-2981       64.350470       3    4666       166.68125      -77.442919      4.00
-25086       44.519650       3    4324       166.83928      -77.369906     29.00
-25144       41.739930       5    3960       166.81761      -77.385253     43.00
-3633       31.955950       3    4731       166.42914      -77.447719      6.00
-3404       23.150040       3    4324       166.74186      -77.380225     67.00
-24285       14.208610       5    5929       166.87471      -77.417164      6.00
-4042       10.012710       4    6013       166.69408      -77.375706     51.00
-2777       9.4744000       4    5882       166.46246      -77.331183      6.00
-24949       8.2518600       4    6752       166.76633      -77.433600      5.00
-2660       7.6657000       4    5007       166.52314      -77.479319      5.00
-24013       7.4567900       5    5929       166.73669      -77.429956      4.00
-24921       6.8006700       4    5950       166.68277      -77.473114      4.00
-3078       4.4519600       5    5772       166.26559      -77.376653      2.00
-3421       4.3306400       5    4212       166.33572      -77.383731      3.00
-4146       3.7718300       3    5075       166.62260      -77.416292     32.00
-3099       2.8877000       5    5130       166.35807      -77.373197      2.00
-2302       2.2727500       5    5052       166.56617      -77.443478      5.00
-24284       2.1905400       5    4924       166.91800      -77.423486      3.00
-2224       2.1505600       5    6099       166.25113      -77.362847      1.00
-25174       2.0162800       5    5740       166.76545      -77.408514     24.00
-24950       1.6925900       5    5764       166.93035      -77.381133     12.00
-25084       1.5436600       5    4666       166.71163      -77.434542      4.00
-3120       1.4472800       5    4760       166.23607      -77.392814      1.00
-3011       1.4078300       5    5929       166.40823      -77.359306      2.00
-3934       1.3821400       5    3575       166.53866      -77.368153      5.00
-23750       1.3321500       5    5546       166.91033      -77.395706      8.00
-24651       1.2721900       5    4541       166.75152      -77.440183      1.00
-4065       1.2149300       5    4097       166.51991      -77.442308      6.00
-2664       1.1927600       5    4572       166.43840      -77.454703      9.00
-3352       1.1390700       5    4788       166.24552      -77.426572      5.00
-3147       1.1286300       5    3094       166.36625      -77.376561      4.00
-24372       1.1286300       4    5882       166.86945      -77.427517     19.00
-24896       1.1080300       5    4106       166.79108      -77.451944      3.00
-2549       1.1080300       5    5093       166.60460      -77.451236      4.00
-2605       1.0978700       5    4933       166.61298      -77.442886      4.00
-2162       1.0293200       5    5764       166.33895      -77.341889      0.00
-24126      0.98300000       5    4091       166.95365      -77.408133      5.00
-3420      0.98300000       5    4141       166.38035      -77.417756     10.00
-3832      0.91317000       5    4155       166.58577      -77.427036      6.00
-3098      0.89650000       5    5478       166.34700      -77.388000      3.00
-3846      0.87207000       5    5927       166.60585      -77.445483      3.00
-3571      0.87207000       5    5362       166.72941      -77.407456     16.00
-2688      0.84830000       5    5244       166.69364      -77.369503     17.00
-2235      0.84053000       5    4206       166.60292      -77.351586      8.00
-3037      0.77366000       5    3667       166.52271      -77.332142      9.00
-24374      0.76657000       5    4949       166.75219      -77.420775      9.00
-24699      0.73884000       5    4998       166.70209      -77.473078      6.00
-2759      0.73207000       5    3396       166.41150      -77.446253      6.00
-4062      0.69271000       5    3166       166.43823      -77.385819      0.00
-24312      0.69271000       5    3999       166.70658      -77.455550      2.00
-4184      0.66153000       5    5610       166.40960      -77.367369      0.00
-2436      0.62023000       5    4206       166.46890      -77.415125     10.00
-4039      0.62023000       5    5876       166.79808      -77.342550     16.00
-10143      0.62023000       5    5741       166.54134      -77.425303     17.00
-10865      0.60333000       5    5124       166.85900      -77.380975     20.00
-10904      0.56566000       5    6191       166.89344      -77.349939     21.00
-3369      0.56047000       5    5595       166.53424      -77.468344      7.00
-2395      0.55024000       5    4367       166.43295      -77.356242      0.00
-2955      0.54519000       5    5093       166.65985      -77.351647      6.00
-3311      0.53034000       5    3933       166.71960      -77.353725      9.00
-10561      0.51588000       5    5794       166.71934      -77.399214     25.00
-10867      0.50647000       4    5823       166.87247      -77.344875     19.00
-10206      0.50647000       4    5989       166.56005      -77.442367     25.00
-24821      0.49722000       5    3418       166.73677      -77.473122      5.00
-3335      0.48815000       5    3661       166.53137      -77.469358      8.00
-25369      0.47924000       4    6063       166.80162      -77.448278      6.00
-24509      0.47484000       5    3411       166.88123      -77.419978     13.00
-3674      0.46190000       5    4361       166.66092      -77.318981     12.00
-2854      0.44932000       5    5504       166.42120      -77.344039      0.00
-3643      0.44520000       5    6047       166.30667      -77.392539      0.00
-10127      0.44520000       5    5909       166.54960      -77.378611     12.00
-3542      0.43707000       5    5985       166.60978      -77.465378      2.00
-10631      0.43306000       5    3878       166.76581      -77.348614     12.00
-3865      0.41357000       5    3761       166.69829      -77.345667      7.00
-3866      0.40602000       5    3664       166.50228      -77.464936      4.00
-17473      0.40230000       5    5803       166.35473      -77.395658     25.00
-10807      0.39861000       5    6041       166.84772      -77.337814     13.00
-2580      0.38775000       5    6154       166.52820      -77.334947      9.00
-2569      0.36690000       5    4652       166.36288      -77.333189      2.00
-17972      0.36354000       5    4166       166.40858      -77.329953     30.00
-9709      0.36354000       5    4231       166.33632      -77.451622     11.00
-10763      0.36354000       5    5435       166.80305      -77.405792     17.00
-10618      0.36354000       3    4980       166.74185      -77.403444     19.00
-3677      0.35690000       5    5083       166.56592      -77.462328      3.00
-9866      0.35690000       5    5695       166.41070      -77.457517      8.00
-17458      0.35690000       5    6164       166.40267      -77.400467     13.00
-18025      0.35363000       4    5961       166.60084      -77.325794     12.00
-10276      0.35363000       5    3947       166.60713      -77.387822     56.00
-2987      0.35039000       5    4951       166.37463      -77.365633      5.00
-3255      0.34718000       5    4143       166.43081      -77.346875      3.00
-2177      0.34399000       5    4095       166.50095      -77.476117      0.00
-3941      0.32851000       5    4029       166.35734      -77.333389      5.00
-3939      0.32550000       5    3815       166.45085      -77.377856      2.00
-9939      0.32252000       5    4257       166.44169      -77.453150     16.00
-9693      0.30800000       4    5957       166.34260      -77.421122     16.00
-3314      0.30518000       5    3162       166.49774      -77.352153      0.00
-9913      0.29961000       5    5791       166.43537      -77.444219     23.00
-10598      0.29414000       5    3689       166.72406      -77.431925     11.00
-3618      0.29414000       4    5815       166.43265      -77.388128     15.00
-6588      0.28877000       5    5757       166.52745      -77.473192     11.00
-10508      0.28877000       5    4949       166.71623      -77.336192     11.00
-9898      0.28090000       5    5883       166.43072      -77.441533      6.00
-9536      0.28090000       5    5751       166.26362      -77.409611      8.00
-25550      0.27832000       5    6063       166.71069      -77.468378      3.00
-3090      0.27577000       5    5454       166.36885      -77.394067      4.00
-17492      0.27074000       5    3865       166.42562      -77.391267      5.00
-9993      0.26336000       3    5112       166.48585      -77.393344      8.00
-6619      0.26095000       5    3489       166.42248      -77.460906      6.00
-17391      0.25855000       5    5392       166.76600      -77.424153      9.00
-10760      0.25618000       5    4614       166.79923      -77.414906     12.00
-17618      0.25384000       5    4155       166.49013      -77.369175     14.00
-4112      0.24920000       3    5127       166.64398      -77.436239      4.00
-6650      0.24920000       5    5709       166.72534      -77.446958      5.00
-9950      0.24920000       5    5994       166.46597      -77.399225     11.00
-3261      0.23150000       4    6043       166.63188      -77.430636      3.00
-25303      0.22938000       5    6044       166.92845      -77.436447      2.00
-17463      0.22938000       5    4056       166.91510      -77.399531     12.00
-9440      0.22728000       5    5600       166.21472      -77.408886      4.00
-17465      0.22728000       4    6128       166.39103      -77.397981      7.00
-2566      0.22108000       5    5965       166.41771      -77.387089      1.00
-6611      0.22108000       5    4095       166.49439      -77.463064      9.00
-17755      0.21705000       5    5284       166.64518      -77.352917      6.00
-10619      0.21705000       5    3440       166.75187      -77.369717     41.00
-6637      0.21308000       4    6083       166.76675      -77.452578     14.00
-6626      0.21113000       4    6126       166.86218      -77.456461      6.00
-6576      0.20920000       4    6080       166.60812      -77.476392     23.00
-23649      0.20920000       5    4045       166.89178      -77.421481      7.00
-10605      0.20538000       5    4155       166.75599      -77.345781     13.00
-17493      0.20349000       5    4296       166.21526      -77.390439      9.00
-2559      0.19978000       5    5324       166.42515      -77.387953      2.00
-17748      0.19978000       4    6063       166.59527      -77.353372     10.00
-6606      0.19795000       5    4355       166.45783      -77.467181      8.00
-10327      0.19795000       5    4143       166.64490      -77.334028     22.00
-3448      0.19613000       5    3878       166.26766      -77.366550      2.00
-17850      0.19613000       5    5049       166.46971      -77.343297      5.00
-17657      0.19613000       5    5232       166.25742      -77.363444     34.00
-9852      0.19434000       5    3207       166.42160      -77.399078     39.00
-6638      0.18731000       5    5392       166.77097      -77.452153     17.00
-10634      0.18731000       5    4599       166.75941      -77.370028     32.00
-6891      0.18559000       5    5909       166.81868      -77.457328      3.00
-9992      0.18559000       5    6191       166.46912      -77.443122     21.00
-9812      0.18389000       5    3801       166.42665      -77.326936      8.00
-6687      0.18389000       5    5333       166.89153      -77.414947     15.00
-9618      0.17888000       5    4039       166.31249      -77.405208     14.00
-10654      0.17888000       5    5767       166.75810      -77.403814     19.00
-10700      0.17724000       5    3664       166.79936      -77.334550     13.00
-9582      0.17561000       5    3275       166.28876      -77.416369     11.00
-17861      0.17561000       5    5489       166.37483      -77.341875     22.00
-10936      0.17400000       5    5853       166.90101      -77.388306     10.00
-9666      0.17400000       5    4049       166.32222      -77.433347     10.00
-9790      0.17241000       5    5139       166.39190      -77.406486     12.00
-17803      0.17083000       5    4457       166.44985      -77.349053     20.00
-6692      0.16771000       5    3771       166.89109      -77.412694      8.00
-9744      0.16771000       5    6047       166.36711      -77.416583     12.00
-9541      0.16617000       5    4817       166.27122      -77.394500     15.00
-10322      0.16617000       5    3440       166.61617      -77.415092     97.00
-10511      0.16617000       5    5782       166.71458      -77.346517     10.00
-17634      0.16465000       5    5362       166.52395      -77.367183      0.00
-6685      0.16465000       5    6030       166.92237      -77.418611      6.00
-6635      0.16164000       4    6080       166.59666      -77.452694      3.00
-6610      0.16164000       5    5242       166.48636      -77.463975      7.00
-9980      0.16164000       5    6013       166.46994      -77.422433     15.00
-10698      0.16164000       5    6050       166.77174      -77.422883     19.00
-6654      0.16016000       5    4396       166.84032      -77.446589      6.00
-9935      0.16016000       5    5610       166.47928      -77.343600      6.00
-6698      0.16016000       5    3499       166.91983      -77.403706      7.00
-10442      0.15724000       5    5794       166.68866      -77.354972     15.00
-6589      0.15579000       3    4975       166.43558      -77.472814     37.00
-22108      0.15437000       5    5651       166.24549      -77.371231      3.00
-6664      0.15437000       5    6031       166.91545      -77.438119      4.00
-10345      0.15437000       5    4039       166.64749      -77.347514      9.00
-17555      0.15295000       5    3513       166.36426      -77.378017     13.00
-17344      0.15295000       4    5941       166.62238      -77.441617     13.00
-17372      0.15155000       4    5950       166.82924      -77.431217     24.00
-22116      0.14878000       5    5047       166.25140      -77.360656      4.00
-10022      0.14878000       4    6121       166.47152      -77.454883      6.00
-10082      0.14742000       5    5986       166.54229      -77.338161      6.00
-9991      0.14742000       5    4519       166.46519      -77.453161     10.00
-17844      0.14473000       5    3656       166.62578      -77.344250      9.00
-10952      0.14473000       5    6073       166.90369      -77.408825     15.00
-17495      0.14340000       4    5879       166.39905      -77.390603      3.00
-17349      0.14209000       5    5872       166.77640      -77.439172     15.00
-10531      0.14078000       5    4585       166.69980      -77.414461     10.00
-10011      0.13821000       5    3968       166.46963      -77.451836      8.00
-10087      0.13821000       4    6149       166.50414      -77.453892     12.00
-10441      0.13695000       5    5493       166.68873      -77.357506      9.00
-17833      0.13569000       5    3622       166.63890      -77.345567      5.00
-10114      0.13569000       5    3520       166.55374      -77.346628     46.00
-17311      0.13445000       5    5219       166.66226      -77.456819      8.00
-6665      0.13321000       5    4855       166.73165      -77.437722      0.00
-17549      0.13321000       5    5796       166.32623      -77.378497      5.00
-10625      0.13321000       5    4747       166.75683      -77.367822     23.00
-18015      0.12840000       5    6041       166.54878      -77.326494      3.00
-10005      0.12840000       4    5653       166.51122      -77.325375      5.00
-17791      0.12722000       5    5105       166.50623      -77.350050      8.00
-10464      0.12722000       5    4429       166.69325      -77.361650     11.00
-17523      0.12605000       5    4582       166.28913      -77.383900      6.00
-17560      0.12605000       4    5007       166.43580      -77.377600     17.00
-10315      0.12605000       5    5764       166.62770      -77.372867     20.00
-17881      0.12490000       5    5147       166.37090      -77.339461      0.00
-10235      0.12490000       5    6048       166.59777      -77.358339     12.00
-6676      0.12375000       5    3396       166.88831      -77.427628      6.00
-17513      0.12262000       5    4321       166.27874      -77.385194      7.00
-10452      0.12149000       5    3224       166.70099      -77.329072      6.00
-17912      0.12149000       5    6106       166.34480      -77.336211      9.00
-10945      0.12149000       5    4444       166.90685      -77.387433     24.00
-18069      0.11928000       5    4665       166.47434      -77.320328      4.00
-9972      0.11928000       5    4754       166.45946      -77.443794      4.00
-17326      0.11603000       5    6137       166.83616      -77.451283      8.00
-9568      0.11496000       5    5610       166.29418      -77.371919     39.00
-10054      0.11496000       5    3166       166.51995      -77.362617     13.00
-9873      0.11496000       5    3476       166.42427      -77.422944     15.00
-9532      0.11391000       5    5978       166.26648      -77.394539     24.00
-17620      0.11286000       5    6097       166.31318      -77.368531     82.00
-9656      0.11286000       5    5845       166.34698      -77.355144     35.00
-6595      0.11183000       5    3412       166.77374      -77.470747      3.00
-10249      0.11080000       4    5819       166.59231      -77.387658     68.00
-17520      0.11080000       5    4628       166.38754      -77.384406      1.00
-17865      0.11080000       5    5047       166.39029      -77.341425      2.00
-6621      0.10979000       4    6067       166.60158      -77.460769      1.00
-17635      0.10680000       5    4337       166.44997      -77.366983      0.00
-10125      0.10680000       5    3489       166.56681      -77.321153     12.00
-17507      0.10582000       5    6047       166.37834      -77.386700      0.00
-9635      0.10582000       5    5608       166.32073      -77.401642     16.00
-9814      0.10582000       5    3714       166.41141      -77.377589     40.00
-17792      0.10485000       5    4665       166.41831      -77.349850      0.00
-10827      0.10485000       5    5329       166.84435      -77.375675     24.00
-9804      0.10485000       5    5782       166.40204      -77.389197     31.00
-10494      0.10388000       5    5277       166.71009      -77.342447     14.00
-10642      0.10388000       5    4301       166.74027      -77.434681     25.00
-10305      0.10388000       4    5961       166.59982      -77.444878     42.00
-9729      0.10293000       5    4117       166.37598      -77.367264     15.00
-17783      0.10293000       5    4788       166.30835      -77.350283     43.00
-17781      0.10199000       5    3411       166.39563      -77.350661      8.00
-10180      0.10199000       5    5219       166.55494      -77.423539     17.00
-17641      0.10105000       5    3614       166.27543      -77.365569      1.00
-17548      0.10105000       5    5916       166.48415      -77.378825      5.00
-10946      0.10105000       5    6080       166.90891      -77.383856     16.00
-22107      0.10013000       5    3714       166.45660      -77.375428      0.00
-17860      0.10013000       5    5700       166.43161      -77.342347      1.00
-10155      0.10013000       5    4155       166.54132      -77.442319      9.00
-10705      0.10013000       5    5546       166.77784      -77.407122     37.00
-10852      0.10013000       5    5431       166.85900      -77.374553     43.00
-17624     0.099210000       5    3947       166.46163      -77.368450      0.00
-9766     0.098300000       5    5431       166.39602      -77.371761     63.00
-17517     0.098300000       5    4097       166.45598      -77.384906      6.00
-17742     0.098300000       5    3048       166.37518      -77.353444     12.00
-9967     0.097400000       5    6075       166.47573      -77.390897      8.00
-10257     0.096510000       5    3963       166.59662      -77.383528     66.00
-17387     0.095620000       5    3815       166.91380      -77.425578     15.00
-17502     0.094740000       5    3418       166.44998      -77.387619      2.00
-17617     0.094740000       5    5060       166.26112      -77.368661      4.00
-6656     0.094740000       5    4004       166.65621      -77.444958      8.00
-9549     0.094740000       5    3664       166.26117      -77.430403     13.00
-22117     0.093880000       4    5815       166.42555      -77.358550      0.00
-9791     0.093880000       5    5408       166.39160      -77.403011      3.00
-6600     0.093010000       5    4833       166.56209      -77.469672      1.00
-17606     0.093010000       5    3632       166.36396      -77.370525      7.00
-17469     0.092160000       5    4818       166.95304      -77.397806      8.00
-9971     0.090480000       5    4095       166.45811      -77.447367     47.00
-9973     0.090480000       5    4853       166.46338      -77.431311     30.00
-6643     0.090480000       5    4384       166.51370      -77.449733      6.00
-17862     0.089650000       5    5198       166.45623      -77.342019      2.00
-10601     0.088830000       5    4155       166.75145      -77.355025     16.00
-10546     0.088830000       5    5219       166.69445      -77.457806     35.00
-10607     0.088010000       5    4754       166.73428      -77.418394     12.00
-10080     0.087210000       5    5716       166.51153      -77.430619     62.00
-10222     0.086410000       4    6080       166.56977      -77.433764     10.00
-18022     0.086410000       5    5612       166.53952      -77.325872     11.00
-10121     0.085620000       5    4212       166.56496      -77.322053     33.00
-17580     0.085620000       5    6056       166.45370      -77.373781      9.00
-6660     0.085620000       4    5007       166.89942      -77.442364     13.00
-10620     0.084830000       5    5782       166.76551      -77.329056      8.00
-10378     0.084830000       5    4297       166.66809      -77.343744     16.00
-10853     0.084830000       5    3839       166.85864      -77.373453     18.00
-10593     0.084830000       5    3307       166.73469      -77.395733     34.00
-9926     0.084830000       5    4487       166.46789      -77.366425     40.00
-6696     0.084050000       5    6086       166.93968      -77.408747      7.00
-17740     0.083280000       5    3329       166.47233      -77.353825      1.00
-17532     0.083280000       5    4872       166.22342      -77.381697      6.00
-10186     0.083280000       5    4141       166.59083      -77.321278     13.00
-10341     0.083280000       5    4208       166.65112      -77.334450     15.00
-17669     0.082520000       5    4579       166.42645      -77.362422      0.00
-10489     0.082520000       5    3412       166.67981      -77.431600      7.00
-10907     0.082520000       5    6139       166.87908      -77.405039     13.00
-10831     0.080270000       5    6075       166.85426      -77.350122     24.00
-10606     0.078800000       5    3968       166.73212      -77.423175      8.00
-10421     0.078800000       5    3622       166.67570      -77.367500      9.00
-17856     0.078080000       5    3740       166.40995      -77.342647      3.00
-17712     0.077370000       5    4144       166.39110      -77.357011      4.00
-10018     0.077370000       5    4967       166.49345      -77.385153     32.00
-10539     0.076660000       5    4937       166.68884      -77.459603     25.00
-17456     0.075950000       5    4920       166.23701      -77.400283      5.00
-10666     0.075950000       5    5978       166.75320      -77.437214     17.00
-10358     0.075950000       5    5238       166.64784      -77.371636     22.00
-10340     0.075260000       5    4199       166.61648      -77.435992      9.00
-10095     0.075260000       5    4149       166.51910      -77.426508     14.00
-10864     0.075260000       4    5925       166.85413      -77.395736     18.00
-10440     0.075260000       4    5819       166.65652      -77.453675     23.00
-9831     0.075260000       5    3166       166.41285      -77.391578     24.00
-10937     0.073880000       5    5964       166.90212      -77.381717     55.00
-18051     0.073880000       5    5129       166.52069      -77.321622      5.00
-10649     0.073880000       4    5836       166.77476      -77.344747     10.00
-6695     0.073210000       5    3231       166.96764      -77.408864      5.00
-9903     0.073210000       5    3411       166.45658      -77.370983     32.00
-11003     0.072540000       5    5020       166.93722      -77.417750     23.00
-17914     0.072540000       5    4418       166.39401      -77.336208      3.00
-17775     0.072540000       5    5944       166.44974      -77.351153      5.00
-6645     0.072540000       5    6122       166.66490      -77.448603      6.00
-6670     0.071870000       4    5817       166.87582      -77.430847      2.00
-6673     0.071870000       5    3761       166.93946      -77.429322     10.00
-11043     0.071870000       5    4967       166.96525      -77.402661     23.00
